positives: 0.47734614856993474
negative: 0.4977925996645731
ke = 0.48756937411725393