positive: 8.162404042741967
negative: 8.204963781023633
R = 8.183683911882799
